10459668
1053032
10959564
11086413
11347949
1137450
12041272
12174945
12289066
12343635
12367777
13029918
13164811
13244517
13923592
14101535
14206146
15146595
15545491
15965761
16225600
16251974
17229570
17715566
1790387
18010431
18074212
18472282
18905029
19116871
19412145
19694521
20863314
20866004
21470913
22239155
22308443
22668830
24484239
24913243
25362459
25528063
2576542
26108049
26458696
26487733
26926674
27071657
28400647
28539139
28564064
28636449
28712519
30726880
30801778
30901483
31436222
31467706
31643045
32078055
3289217
32919015
33345475
33704958
33958360
34136591
34477524
34826804
3494968
35452636
36088398
36297914
3704108
37336824
38298717
38535237
38741911
39441331
39809474
39954034
40295080
40601949
40698809
40706562
40904591
41046615
41046742
41060034
4167639
42763323
4763942
5019852
5939328
6200607
6336657
6629002
7003961
8193859
8368522
